team,rank,PTS,MP,W,L,D,GF,GA,GD
KCC,1,13,5,4,0,1,17,10,7
WAS,2,12,5,4,1,0,9,4,5
CHI,3,10,5,3,1,1,7,4,3
NC,4,9,5,3,2,0,10,5,5
ORL,5,9,5,2,0,3,6,4,2
LOU,6,7,5,1,0,4,9,5,4
LA,7,7,5,2,2,1,6,7,-1
BAY,8,6,5,2,3,0,9,12,-3
POR,9,4,5,1,3,1,10,11,-1
SD,10,4,4,1,2,1,2,3,-1
NJNY,11,4,4,1,2,1,2,4,-2
HOU,12,4,5,1,3,1,6,14,-8
RGN,13,3,5,1,4,0,5,8,-3
UTA,14,3,5,1,4,0,4,11,-7
