{
 "cells": [
  {
   "cell_type": "code",
   "execution_count": 1,
   "metadata": {},
   "outputs": [],
   "source": [
    "import pandas as pd\n",
    "import matplotlib.pyplot as plt\n",
    "import matplotlib.font_manager as fm\n",
    "from matplotlib.ticker import MaxNLocator\n",
    "from matplotlib import animation\n",
    "from matplotlib.animation import PillowWriter\n",
    "import numpy as np\n",
    "from scipy.interpolate import interp1d\n",
    "from scipy import stats\n",
    "import constants"
   ]
  },
  {
   "cell_type": "code",
   "execution_count": 2,
   "metadata": {},
   "outputs": [
    {
     "data": {
      "text/html": [
       "<div>\n",
       "<style scoped>\n",
       "    .dataframe tbody tr th:only-of-type {\n",
       "        vertical-align: middle;\n",
       "    }\n",
       "\n",
       "    .dataframe tbody tr th {\n",
       "        vertical-align: top;\n",
       "    }\n",
       "\n",
       "    .dataframe thead th {\n",
       "        text-align: right;\n",
       "    }\n",
       "</style>\n",
       "<table border=\"1\" class=\"dataframe\">\n",
       "  <thead>\n",
       "    <tr style=\"text-align: right;\">\n",
       "      <th></th>\n",
       "      <th>4/27</th>\n",
       "      <th>5/1</th>\n",
       "      <th>5/8</th>\n",
       "      <th>5/15</th>\n",
       "      <th>5/23</th>\n",
       "      <th>5/30</th>\n",
       "      <th>6/7</th>\n",
       "      <th>6/12</th>\n",
       "      <th>6/19</th>\n",
       "      <th>7/3</th>\n",
       "      <th>7/10</th>\n",
       "      <th>7/17</th>\n",
       "      <th>8/2</th>\n",
       "      <th>8/7</th>\n",
       "      <th>8/14</th>\n",
       "      <th>8/20</th>\n",
       "      <th>8/28</th>\n",
       "      <th>9/4</th>\n",
       "      <th>9/11</th>\n",
       "    </tr>\n",
       "  </thead>\n",
       "  <tbody>\n",
       "    <tr>\n",
       "      <th>NJNY</th>\n",
       "      <td>0.55</td>\n",
       "      <td>0.68</td>\n",
       "      <td>0.50</td>\n",
       "      <td>0.52</td>\n",
       "      <td>0.38</td>\n",
       "      <td>0.50</td>\n",
       "      <td>0.61</td>\n",
       "      <td>0.51</td>\n",
       "      <td>0.33</td>\n",
       "      <td>0.22</td>\n",
       "      <td>0.32</td>\n",
       "      <td>0.19</td>\n",
       "      <td>0.11</td>\n",
       "      <td>0.06</td>\n",
       "      <td>0.02</td>\n",
       "      <td>0.01</td>\n",
       "      <td>0.00</td>\n",
       "      <td>0.00</td>\n",
       "      <td>0.00</td>\n",
       "    </tr>\n",
       "    <tr>\n",
       "      <th>POR</th>\n",
       "      <td>0.70</td>\n",
       "      <td>0.79</td>\n",
       "      <td>0.79</td>\n",
       "      <td>0.77</td>\n",
       "      <td>0.61</td>\n",
       "      <td>0.63</td>\n",
       "      <td>0.73</td>\n",
       "      <td>0.88</td>\n",
       "      <td>0.94</td>\n",
       "      <td>0.94</td>\n",
       "      <td>0.94</td>\n",
       "      <td>0.98</td>\n",
       "      <td>0.99</td>\n",
       "      <td>0.99</td>\n",
       "      <td>0.99</td>\n",
       "      <td>0.99</td>\n",
       "      <td>0.97</td>\n",
       "      <td>0.97</td>\n",
       "      <td>0.99</td>\n",
       "    </tr>\n",
       "    <tr>\n",
       "      <th>LA</th>\n",
       "      <td>0.17</td>\n",
       "      <td>0.26</td>\n",
       "      <td>0.17</td>\n",
       "      <td>0.29</td>\n",
       "      <td>0.37</td>\n",
       "      <td>0.27</td>\n",
       "      <td>0.17</td>\n",
       "      <td>0.29</td>\n",
       "      <td>0.24</td>\n",
       "      <td>0.27</td>\n",
       "      <td>0.39</td>\n",
       "      <td>0.39</td>\n",
       "      <td>0.33</td>\n",
       "      <td>0.26</td>\n",
       "      <td>0.41</td>\n",
       "      <td>0.41</td>\n",
       "      <td>0.46</td>\n",
       "      <td>0.45</td>\n",
       "      <td>0.41</td>\n",
       "    </tr>\n",
       "    <tr>\n",
       "      <th>CHI</th>\n",
       "      <td>0.66</td>\n",
       "      <td>0.72</td>\n",
       "      <td>0.72</td>\n",
       "      <td>0.63</td>\n",
       "      <td>0.74</td>\n",
       "      <td>0.72</td>\n",
       "      <td>0.82</td>\n",
       "      <td>0.86</td>\n",
       "      <td>0.85</td>\n",
       "      <td>0.94</td>\n",
       "      <td>0.94</td>\n",
       "      <td>0.88</td>\n",
       "      <td>0.81</td>\n",
       "      <td>0.87</td>\n",
       "      <td>0.77</td>\n",
       "      <td>0.60</td>\n",
       "      <td>0.69</td>\n",
       "      <td>0.67</td>\n",
       "      <td>0.67</td>\n",
       "    </tr>\n",
       "    <tr>\n",
       "      <th>WAS</th>\n",
       "      <td>0.80</td>\n",
       "      <td>0.85</td>\n",
       "      <td>0.84</td>\n",
       "      <td>0.74</td>\n",
       "      <td>0.75</td>\n",
       "      <td>0.72</td>\n",
       "      <td>0.59</td>\n",
       "      <td>0.47</td>\n",
       "      <td>0.37</td>\n",
       "      <td>0.28</td>\n",
       "      <td>0.14</td>\n",
       "      <td>0.07</td>\n",
       "      <td>0.05</td>\n",
       "      <td>0.03</td>\n",
       "      <td>0.02</td>\n",
       "      <td>0.01</td>\n",
       "      <td>0.00</td>\n",
       "      <td>0.00</td>\n",
       "      <td>0.00</td>\n",
       "    </tr>\n",
       "    <tr>\n",
       "      <th>SD</th>\n",
       "      <td>0.28</td>\n",
       "      <td>0.37</td>\n",
       "      <td>0.57</td>\n",
       "      <td>0.69</td>\n",
       "      <td>0.75</td>\n",
       "      <td>0.71</td>\n",
       "      <td>0.71</td>\n",
       "      <td>0.72</td>\n",
       "      <td>0.88</td>\n",
       "      <td>0.95</td>\n",
       "      <td>0.92</td>\n",
       "      <td>0.88</td>\n",
       "      <td>0.96</td>\n",
       "      <td>0.92</td>\n",
       "      <td>0.80</td>\n",
       "      <td>0.90</td>\n",
       "      <td>0.97</td>\n",
       "      <td>0.97</td>\n",
       "      <td>0.92</td>\n",
       "    </tr>\n",
       "    <tr>\n",
       "      <th>NC</th>\n",
       "      <td>0.71</td>\n",
       "      <td>0.61</td>\n",
       "      <td>0.66</td>\n",
       "      <td>0.66</td>\n",
       "      <td>0.38</td>\n",
       "      <td>0.37</td>\n",
       "      <td>0.51</td>\n",
       "      <td>0.67</td>\n",
       "      <td>0.53</td>\n",
       "      <td>0.44</td>\n",
       "      <td>0.43</td>\n",
       "      <td>0.40</td>\n",
       "      <td>0.39</td>\n",
       "      <td>0.40</td>\n",
       "      <td>0.21</td>\n",
       "      <td>0.33</td>\n",
       "      <td>0.24</td>\n",
       "      <td>0.31</td>\n",
       "      <td>0.41</td>\n",
       "    </tr>\n",
       "    <tr>\n",
       "      <th>RGN</th>\n",
       "      <td>0.81</td>\n",
       "      <td>0.75</td>\n",
       "      <td>0.69</td>\n",
       "      <td>0.70</td>\n",
       "      <td>0.66</td>\n",
       "      <td>0.79</td>\n",
       "      <td>0.71</td>\n",
       "      <td>0.71</td>\n",
       "      <td>0.78</td>\n",
       "      <td>0.89</td>\n",
       "      <td>0.89</td>\n",
       "      <td>0.82</td>\n",
       "      <td>0.90</td>\n",
       "      <td>0.80</td>\n",
       "      <td>0.88</td>\n",
       "      <td>0.85</td>\n",
       "      <td>0.88</td>\n",
       "      <td>0.87</td>\n",
       "      <td>0.82</td>\n",
       "    </tr>\n",
       "    <tr>\n",
       "      <th>LOU</th>\n",
       "      <td>0.34</td>\n",
       "      <td>0.28</td>\n",
       "      <td>0.31</td>\n",
       "      <td>0.28</td>\n",
       "      <td>0.49</td>\n",
       "      <td>0.40</td>\n",
       "      <td>0.26</td>\n",
       "      <td>0.15</td>\n",
       "      <td>0.17</td>\n",
       "      <td>0.14</td>\n",
       "      <td>0.07</td>\n",
       "      <td>0.06</td>\n",
       "      <td>0.03</td>\n",
       "      <td>0.01</td>\n",
       "      <td>0.01</td>\n",
       "      <td>0.01</td>\n",
       "      <td>0.04</td>\n",
       "      <td>0.00</td>\n",
       "      <td>0.00</td>\n",
       "    </tr>\n",
       "    <tr>\n",
       "      <th>HOU</th>\n",
       "      <td>0.37</td>\n",
       "      <td>0.27</td>\n",
       "      <td>0.39</td>\n",
       "      <td>0.39</td>\n",
       "      <td>0.57</td>\n",
       "      <td>0.56</td>\n",
       "      <td>0.69</td>\n",
       "      <td>0.53</td>\n",
       "      <td>0.74</td>\n",
       "      <td>0.63</td>\n",
       "      <td>0.48</td>\n",
       "      <td>0.70</td>\n",
       "      <td>0.86</td>\n",
       "      <td>0.95</td>\n",
       "      <td>0.93</td>\n",
       "      <td>0.93</td>\n",
       "      <td>0.85</td>\n",
       "      <td>0.83</td>\n",
       "      <td>0.80</td>\n",
       "    </tr>\n",
       "    <tr>\n",
       "      <th>ORL</th>\n",
       "      <td>0.25</td>\n",
       "      <td>0.15</td>\n",
       "      <td>0.21</td>\n",
       "      <td>0.18</td>\n",
       "      <td>0.21</td>\n",
       "      <td>0.23</td>\n",
       "      <td>0.12</td>\n",
       "      <td>0.08</td>\n",
       "      <td>0.04</td>\n",
       "      <td>0.05</td>\n",
       "      <td>0.07</td>\n",
       "      <td>0.06</td>\n",
       "      <td>0.06</td>\n",
       "      <td>0.03</td>\n",
       "      <td>0.09</td>\n",
       "      <td>0.14</td>\n",
       "      <td>0.00</td>\n",
       "      <td>0.03</td>\n",
       "      <td>0.00</td>\n",
       "    </tr>\n",
       "    <tr>\n",
       "      <th>KC</th>\n",
       "      <td>0.36</td>\n",
       "      <td>0.27</td>\n",
       "      <td>0.15</td>\n",
       "      <td>0.15</td>\n",
       "      <td>0.09</td>\n",
       "      <td>0.10</td>\n",
       "      <td>0.08</td>\n",
       "      <td>0.13</td>\n",
       "      <td>0.13</td>\n",
       "      <td>0.25</td>\n",
       "      <td>0.41</td>\n",
       "      <td>0.57</td>\n",
       "      <td>0.51</td>\n",
       "      <td>0.68</td>\n",
       "      <td>0.87</td>\n",
       "      <td>0.82</td>\n",
       "      <td>0.90</td>\n",
       "      <td>0.90</td>\n",
       "      <td>0.98</td>\n",
       "    </tr>\n",
       "  </tbody>\n",
       "</table>\n",
       "</div>"
      ],
      "text/plain": [
       "      4/27   5/1   5/8  5/15  5/23  5/30   6/7  6/12  6/19   7/3  7/10  7/17  \\\n",
       "NJNY  0.55  0.68  0.50  0.52  0.38  0.50  0.61  0.51  0.33  0.22  0.32  0.19   \n",
       "POR   0.70  0.79  0.79  0.77  0.61  0.63  0.73  0.88  0.94  0.94  0.94  0.98   \n",
       "LA    0.17  0.26  0.17  0.29  0.37  0.27  0.17  0.29  0.24  0.27  0.39  0.39   \n",
       "CHI   0.66  0.72  0.72  0.63  0.74  0.72  0.82  0.86  0.85  0.94  0.94  0.88   \n",
       "WAS   0.80  0.85  0.84  0.74  0.75  0.72  0.59  0.47  0.37  0.28  0.14  0.07   \n",
       "SD    0.28  0.37  0.57  0.69  0.75  0.71  0.71  0.72  0.88  0.95  0.92  0.88   \n",
       "NC    0.71  0.61  0.66  0.66  0.38  0.37  0.51  0.67  0.53  0.44  0.43  0.40   \n",
       "RGN   0.81  0.75  0.69  0.70  0.66  0.79  0.71  0.71  0.78  0.89  0.89  0.82   \n",
       "LOU   0.34  0.28  0.31  0.28  0.49  0.40  0.26  0.15  0.17  0.14  0.07  0.06   \n",
       "HOU   0.37  0.27  0.39  0.39  0.57  0.56  0.69  0.53  0.74  0.63  0.48  0.70   \n",
       "ORL   0.25  0.15  0.21  0.18  0.21  0.23  0.12  0.08  0.04  0.05  0.07  0.06   \n",
       "KC    0.36  0.27  0.15  0.15  0.09  0.10  0.08  0.13  0.13  0.25  0.41  0.57   \n",
       "\n",
       "       8/2   8/7  8/14  8/20  8/28   9/4  9/11  \n",
       "NJNY  0.11  0.06  0.02  0.01  0.00  0.00  0.00  \n",
       "POR   0.99  0.99  0.99  0.99  0.97  0.97  0.99  \n",
       "LA    0.33  0.26  0.41  0.41  0.46  0.45  0.41  \n",
       "CHI   0.81  0.87  0.77  0.60  0.69  0.67  0.67  \n",
       "WAS   0.05  0.03  0.02  0.01  0.00  0.00  0.00  \n",
       "SD    0.96  0.92  0.80  0.90  0.97  0.97  0.92  \n",
       "NC    0.39  0.40  0.21  0.33  0.24  0.31  0.41  \n",
       "RGN   0.90  0.80  0.88  0.85  0.88  0.87  0.82  \n",
       "LOU   0.03  0.01  0.01  0.01  0.04  0.00  0.00  \n",
       "HOU   0.86  0.95  0.93  0.93  0.85  0.83  0.80  \n",
       "ORL   0.06  0.03  0.09  0.14  0.00  0.03  0.00  \n",
       "KC    0.51  0.68  0.87  0.82  0.90  0.90  0.98  "
      ]
     },
     "execution_count": 2,
     "metadata": {},
     "output_type": "execute_result"
    }
   ],
   "source": [
    "df = pd.read_csv(\"data.csv\", index_col=0)\n",
    "df"
   ]
  },
  {
   "cell_type": "code",
   "execution_count": 3,
   "metadata": {},
   "outputs": [],
   "source": [
    "# Current standings with the top team first\n",
    "standings = [\n",
    "    \"KC\",\n",
    "    \"POR\",\n",
    "    \"SD\",\n",
    "    \"HOU\",\n",
    "    \"RGN\",\n",
    "    \"CHI\",\n",
    "    \"LA\",\n",
    "    \"NC\",\n",
    "    \"ORL\",\n",
    "    \"WAS\",\n",
    "    \"LOU\",\n",
    "    \"NJNY\",\n",
    "]\n",
    "\n",
    "# List of teams who clinched\n",
    "clinched = []\n",
    "\n",
    "# List of teams eliminated\n",
    "eliminated = [\"NJNY\", \"LOU\"]"
   ]
  },
  {
   "cell_type": "code",
   "execution_count": 4,
   "metadata": {},
   "outputs": [
    {
     "data": {
      "text/html": [
       "<div>\n",
       "<style scoped>\n",
       "    .dataframe tbody tr th:only-of-type {\n",
       "        vertical-align: middle;\n",
       "    }\n",
       "\n",
       "    .dataframe tbody tr th {\n",
       "        vertical-align: top;\n",
       "    }\n",
       "\n",
       "    .dataframe thead th {\n",
       "        text-align: right;\n",
       "    }\n",
       "</style>\n",
       "<table border=\"1\" class=\"dataframe\">\n",
       "  <thead>\n",
       "    <tr style=\"text-align: right;\">\n",
       "      <th></th>\n",
       "      <th>4/27</th>\n",
       "      <th>5/1</th>\n",
       "      <th>5/8</th>\n",
       "      <th>5/15</th>\n",
       "      <th>5/23</th>\n",
       "      <th>5/30</th>\n",
       "      <th>6/7</th>\n",
       "      <th>6/12</th>\n",
       "      <th>6/19</th>\n",
       "      <th>7/3</th>\n",
       "      <th>7/10</th>\n",
       "      <th>7/17</th>\n",
       "      <th>8/2</th>\n",
       "      <th>8/7</th>\n",
       "      <th>8/14</th>\n",
       "      <th>8/20</th>\n",
       "      <th>8/28</th>\n",
       "      <th>9/4</th>\n",
       "      <th>9/11</th>\n",
       "    </tr>\n",
       "  </thead>\n",
       "  <tbody>\n",
       "    <tr>\n",
       "      <th>NJNY</th>\n",
       "      <td>0.55</td>\n",
       "      <td>0.68</td>\n",
       "      <td>0.50</td>\n",
       "      <td>0.52</td>\n",
       "      <td>0.38</td>\n",
       "      <td>0.50</td>\n",
       "      <td>0.61</td>\n",
       "      <td>0.51</td>\n",
       "      <td>0.33</td>\n",
       "      <td>0.22</td>\n",
       "      <td>0.32</td>\n",
       "      <td>0.19</td>\n",
       "      <td>0.11</td>\n",
       "      <td>0.06</td>\n",
       "      <td>0.02</td>\n",
       "      <td>0.01</td>\n",
       "      <td>0.00</td>\n",
       "      <td>0.00</td>\n",
       "      <td>0.00</td>\n",
       "    </tr>\n",
       "    <tr>\n",
       "      <th>LOU</th>\n",
       "      <td>0.34</td>\n",
       "      <td>0.28</td>\n",
       "      <td>0.31</td>\n",
       "      <td>0.28</td>\n",
       "      <td>0.49</td>\n",
       "      <td>0.40</td>\n",
       "      <td>0.26</td>\n",
       "      <td>0.15</td>\n",
       "      <td>0.17</td>\n",
       "      <td>0.14</td>\n",
       "      <td>0.07</td>\n",
       "      <td>0.06</td>\n",
       "      <td>0.03</td>\n",
       "      <td>0.01</td>\n",
       "      <td>0.01</td>\n",
       "      <td>0.01</td>\n",
       "      <td>0.04</td>\n",
       "      <td>0.00</td>\n",
       "      <td>0.00</td>\n",
       "    </tr>\n",
       "    <tr>\n",
       "      <th>WAS</th>\n",
       "      <td>0.80</td>\n",
       "      <td>0.85</td>\n",
       "      <td>0.84</td>\n",
       "      <td>0.74</td>\n",
       "      <td>0.75</td>\n",
       "      <td>0.72</td>\n",
       "      <td>0.59</td>\n",
       "      <td>0.47</td>\n",
       "      <td>0.37</td>\n",
       "      <td>0.28</td>\n",
       "      <td>0.14</td>\n",
       "      <td>0.07</td>\n",
       "      <td>0.05</td>\n",
       "      <td>0.03</td>\n",
       "      <td>0.02</td>\n",
       "      <td>0.01</td>\n",
       "      <td>0.00</td>\n",
       "      <td>0.00</td>\n",
       "      <td>0.00</td>\n",
       "    </tr>\n",
       "    <tr>\n",
       "      <th>ORL</th>\n",
       "      <td>0.25</td>\n",
       "      <td>0.15</td>\n",
       "      <td>0.21</td>\n",
       "      <td>0.18</td>\n",
       "      <td>0.21</td>\n",
       "      <td>0.23</td>\n",
       "      <td>0.12</td>\n",
       "      <td>0.08</td>\n",
       "      <td>0.04</td>\n",
       "      <td>0.05</td>\n",
       "      <td>0.07</td>\n",
       "      <td>0.06</td>\n",
       "      <td>0.06</td>\n",
       "      <td>0.03</td>\n",
       "      <td>0.09</td>\n",
       "      <td>0.14</td>\n",
       "      <td>0.00</td>\n",
       "      <td>0.03</td>\n",
       "      <td>0.00</td>\n",
       "    </tr>\n",
       "    <tr>\n",
       "      <th>NC</th>\n",
       "      <td>0.71</td>\n",
       "      <td>0.61</td>\n",
       "      <td>0.66</td>\n",
       "      <td>0.66</td>\n",
       "      <td>0.38</td>\n",
       "      <td>0.37</td>\n",
       "      <td>0.51</td>\n",
       "      <td>0.67</td>\n",
       "      <td>0.53</td>\n",
       "      <td>0.44</td>\n",
       "      <td>0.43</td>\n",
       "      <td>0.40</td>\n",
       "      <td>0.39</td>\n",
       "      <td>0.40</td>\n",
       "      <td>0.21</td>\n",
       "      <td>0.33</td>\n",
       "      <td>0.24</td>\n",
       "      <td>0.31</td>\n",
       "      <td>0.41</td>\n",
       "    </tr>\n",
       "    <tr>\n",
       "      <th>LA</th>\n",
       "      <td>0.17</td>\n",
       "      <td>0.26</td>\n",
       "      <td>0.17</td>\n",
       "      <td>0.29</td>\n",
       "      <td>0.37</td>\n",
       "      <td>0.27</td>\n",
       "      <td>0.17</td>\n",
       "      <td>0.29</td>\n",
       "      <td>0.24</td>\n",
       "      <td>0.27</td>\n",
       "      <td>0.39</td>\n",
       "      <td>0.39</td>\n",
       "      <td>0.33</td>\n",
       "      <td>0.26</td>\n",
       "      <td>0.41</td>\n",
       "      <td>0.41</td>\n",
       "      <td>0.46</td>\n",
       "      <td>0.45</td>\n",
       "      <td>0.41</td>\n",
       "    </tr>\n",
       "    <tr>\n",
       "      <th>CHI</th>\n",
       "      <td>0.66</td>\n",
       "      <td>0.72</td>\n",
       "      <td>0.72</td>\n",
       "      <td>0.63</td>\n",
       "      <td>0.74</td>\n",
       "      <td>0.72</td>\n",
       "      <td>0.82</td>\n",
       "      <td>0.86</td>\n",
       "      <td>0.85</td>\n",
       "      <td>0.94</td>\n",
       "      <td>0.94</td>\n",
       "      <td>0.88</td>\n",
       "      <td>0.81</td>\n",
       "      <td>0.87</td>\n",
       "      <td>0.77</td>\n",
       "      <td>0.60</td>\n",
       "      <td>0.69</td>\n",
       "      <td>0.67</td>\n",
       "      <td>0.67</td>\n",
       "    </tr>\n",
       "    <tr>\n",
       "      <th>HOU</th>\n",
       "      <td>0.37</td>\n",
       "      <td>0.27</td>\n",
       "      <td>0.39</td>\n",
       "      <td>0.39</td>\n",
       "      <td>0.57</td>\n",
       "      <td>0.56</td>\n",
       "      <td>0.69</td>\n",
       "      <td>0.53</td>\n",
       "      <td>0.74</td>\n",
       "      <td>0.63</td>\n",
       "      <td>0.48</td>\n",
       "      <td>0.70</td>\n",
       "      <td>0.86</td>\n",
       "      <td>0.95</td>\n",
       "      <td>0.93</td>\n",
       "      <td>0.93</td>\n",
       "      <td>0.85</td>\n",
       "      <td>0.83</td>\n",
       "      <td>0.80</td>\n",
       "    </tr>\n",
       "    <tr>\n",
       "      <th>RGN</th>\n",
       "      <td>0.81</td>\n",
       "      <td>0.75</td>\n",
       "      <td>0.69</td>\n",
       "      <td>0.70</td>\n",
       "      <td>0.66</td>\n",
       "      <td>0.79</td>\n",
       "      <td>0.71</td>\n",
       "      <td>0.71</td>\n",
       "      <td>0.78</td>\n",
       "      <td>0.89</td>\n",
       "      <td>0.89</td>\n",
       "      <td>0.82</td>\n",
       "      <td>0.90</td>\n",
       "      <td>0.80</td>\n",
       "      <td>0.88</td>\n",
       "      <td>0.85</td>\n",
       "      <td>0.88</td>\n",
       "      <td>0.87</td>\n",
       "      <td>0.82</td>\n",
       "    </tr>\n",
       "    <tr>\n",
       "      <th>SD</th>\n",
       "      <td>0.28</td>\n",
       "      <td>0.37</td>\n",
       "      <td>0.57</td>\n",
       "      <td>0.69</td>\n",
       "      <td>0.75</td>\n",
       "      <td>0.71</td>\n",
       "      <td>0.71</td>\n",
       "      <td>0.72</td>\n",
       "      <td>0.88</td>\n",
       "      <td>0.95</td>\n",
       "      <td>0.92</td>\n",
       "      <td>0.88</td>\n",
       "      <td>0.96</td>\n",
       "      <td>0.92</td>\n",
       "      <td>0.80</td>\n",
       "      <td>0.90</td>\n",
       "      <td>0.97</td>\n",
       "      <td>0.97</td>\n",
       "      <td>0.92</td>\n",
       "    </tr>\n",
       "    <tr>\n",
       "      <th>KC</th>\n",
       "      <td>0.36</td>\n",
       "      <td>0.27</td>\n",
       "      <td>0.15</td>\n",
       "      <td>0.15</td>\n",
       "      <td>0.09</td>\n",
       "      <td>0.10</td>\n",
       "      <td>0.08</td>\n",
       "      <td>0.13</td>\n",
       "      <td>0.13</td>\n",
       "      <td>0.25</td>\n",
       "      <td>0.41</td>\n",
       "      <td>0.57</td>\n",
       "      <td>0.51</td>\n",
       "      <td>0.68</td>\n",
       "      <td>0.87</td>\n",
       "      <td>0.82</td>\n",
       "      <td>0.90</td>\n",
       "      <td>0.90</td>\n",
       "      <td>0.98</td>\n",
       "    </tr>\n",
       "    <tr>\n",
       "      <th>POR</th>\n",
       "      <td>0.70</td>\n",
       "      <td>0.79</td>\n",
       "      <td>0.79</td>\n",
       "      <td>0.77</td>\n",
       "      <td>0.61</td>\n",
       "      <td>0.63</td>\n",
       "      <td>0.73</td>\n",
       "      <td>0.88</td>\n",
       "      <td>0.94</td>\n",
       "      <td>0.94</td>\n",
       "      <td>0.94</td>\n",
       "      <td>0.98</td>\n",
       "      <td>0.99</td>\n",
       "      <td>0.99</td>\n",
       "      <td>0.99</td>\n",
       "      <td>0.99</td>\n",
       "      <td>0.97</td>\n",
       "      <td>0.97</td>\n",
       "      <td>0.99</td>\n",
       "    </tr>\n",
       "  </tbody>\n",
       "</table>\n",
       "</div>"
      ],
      "text/plain": [
       "      4/27   5/1   5/8  5/15  5/23  5/30   6/7  6/12  6/19   7/3  7/10  7/17  \\\n",
       "NJNY  0.55  0.68  0.50  0.52  0.38  0.50  0.61  0.51  0.33  0.22  0.32  0.19   \n",
       "LOU   0.34  0.28  0.31  0.28  0.49  0.40  0.26  0.15  0.17  0.14  0.07  0.06   \n",
       "WAS   0.80  0.85  0.84  0.74  0.75  0.72  0.59  0.47  0.37  0.28  0.14  0.07   \n",
       "ORL   0.25  0.15  0.21  0.18  0.21  0.23  0.12  0.08  0.04  0.05  0.07  0.06   \n",
       "NC    0.71  0.61  0.66  0.66  0.38  0.37  0.51  0.67  0.53  0.44  0.43  0.40   \n",
       "LA    0.17  0.26  0.17  0.29  0.37  0.27  0.17  0.29  0.24  0.27  0.39  0.39   \n",
       "CHI   0.66  0.72  0.72  0.63  0.74  0.72  0.82  0.86  0.85  0.94  0.94  0.88   \n",
       "HOU   0.37  0.27  0.39  0.39  0.57  0.56  0.69  0.53  0.74  0.63  0.48  0.70   \n",
       "RGN   0.81  0.75  0.69  0.70  0.66  0.79  0.71  0.71  0.78  0.89  0.89  0.82   \n",
       "SD    0.28  0.37  0.57  0.69  0.75  0.71  0.71  0.72  0.88  0.95  0.92  0.88   \n",
       "KC    0.36  0.27  0.15  0.15  0.09  0.10  0.08  0.13  0.13  0.25  0.41  0.57   \n",
       "POR   0.70  0.79  0.79  0.77  0.61  0.63  0.73  0.88  0.94  0.94  0.94  0.98   \n",
       "\n",
       "       8/2   8/7  8/14  8/20  8/28   9/4  9/11  \n",
       "NJNY  0.11  0.06  0.02  0.01  0.00  0.00  0.00  \n",
       "LOU   0.03  0.01  0.01  0.01  0.04  0.00  0.00  \n",
       "WAS   0.05  0.03  0.02  0.01  0.00  0.00  0.00  \n",
       "ORL   0.06  0.03  0.09  0.14  0.00  0.03  0.00  \n",
       "NC    0.39  0.40  0.21  0.33  0.24  0.31  0.41  \n",
       "LA    0.33  0.26  0.41  0.41  0.46  0.45  0.41  \n",
       "CHI   0.81  0.87  0.77  0.60  0.69  0.67  0.67  \n",
       "HOU   0.86  0.95  0.93  0.93  0.85  0.83  0.80  \n",
       "RGN   0.90  0.80  0.88  0.85  0.88  0.87  0.82  \n",
       "SD    0.96  0.92  0.80  0.90  0.97  0.97  0.92  \n",
       "KC    0.51  0.68  0.87  0.82  0.90  0.90  0.98  \n",
       "POR   0.99  0.99  0.99  0.99  0.97  0.97  0.99  "
      ]
     },
     "execution_count": 4,
     "metadata": {},
     "output_type": "execute_result"
    }
   ],
   "source": [
    "# Sort first by odds and then use standings to break ties\n",
    "sort_by = [df.columns[-1], \"standing\"]\n",
    "df[\"standing\"] = list(map(lambda x: len(df.index) - standings.index(x), df.index))\n",
    "df = df.sort_values(by=sort_by)\n",
    "df = df.drop(columns=[\"standing\"])\n",
    "df"
   ]
  },
  {
   "cell_type": "code",
   "execution_count": 5,
   "metadata": {},
   "outputs": [],
   "source": [
    "x = list(range(0, len(df.columns)))\n",
    "y = df.to_numpy()"
   ]
  },
  {
   "cell_type": "code",
   "execution_count": 6,
   "metadata": {},
   "outputs": [],
   "source": [
    "# Create grid for x and bottom values for y\n",
    "x2 = np.linspace(min(x), max(x), num=500)\n",
    "y2 = [[0 for i in x2]]\n",
    "\n",
    "# Sum the previous rows before calculating the spline\n",
    "run_tot = [0 for i in x]\n",
    "\n",
    "# Interpolate each set of points\n",
    "for row in y[:-1]:\n",
    "    run_tot = run_tot + row\n",
    "    f = interp1d(x, run_tot, kind=\"quadratic\")\n",
    "    y2.append(f(x2))\n",
    "\n",
    "# Last row has to be exactly 6\n",
    "y2.append([6 for i in x2])\n",
    "\n",
    "# Diff pairwise rows to get the final y\n",
    "y2 = np.diff(y2, axis=0)"
   ]
  },
  {
   "cell_type": "code",
   "execution_count": 18,
   "metadata": {},
   "outputs": [
    {
     "data": {
      "text/plain": [
       "<Figure size 28800x16200 with 0 Axes>"
      ]
     },
     "metadata": {},
     "output_type": "display_data"
    },
    {
     "data": {
