{
 "cells": [
  {
   "cell_type": "code",
   "execution_count": 1,
   "metadata": {},
   "outputs": [],
   "source": [
    "import pandas as pd"
   ]
  },
  {
   "cell_type": "code",
   "execution_count": 2,
   "metadata": {},
   "outputs": [
    {
     "data": {
      "text/html": [
       "<div>\n",
       "<style scoped>\n",
       "    .dataframe tbody tr th:only-of-type {\n",
       "        vertical-align: middle;\n",
       "    }\n",
       "\n",
       "    .dataframe tbody tr th {\n",
       "        vertical-align: top;\n",
       "    }\n",
       "\n",
       "    .dataframe thead th {\n",
       "        text-align: right;\n",
       "    }\n",
       "</style>\n",
       "<table border=\"1\" class=\"dataframe\">\n",
       "  <thead>\n",
       "    <tr style=\"text-align: right;\">\n",
       "      <th></th>\n",
       "      <th>player</th>\n",
       "      <th>team</th>\n",
       "      <th>group_1</th>\n",
       "      <th>group_2</th>\n",
       "      <th>group_3</th>\n",
       "      <th>round_of_16</th>\n",
       "      <th>quarterfinals</th>\n",
       "      <th>semifinals</th>\n",
       "      <th>finals</th>\n",
       "    </tr>\n",
       "  </thead>\n",
       "  <tbody>\n",
       "    <tr>\n",
       "      <th>0</th>\n",
       "      <td>Victoria Esson</td>\n",
       "      <td>New Zealand</td>\n",
       "      <td>90</td>\n",
       "      <td>90</td>\n",
       "      <td>90</td>\n",
       "      <td>NaN</td>\n",
       "      <td>NaN</td>\n",
       "      <td>NaN</td>\n",
       "      <td>NaN</td>\n",
       "    </tr>\n",
       "    <tr>\n",
       "      <th>1</th>\n",
       "      <td>Ria Percival</td>\n",
       "      <td>New Zealand</td>\n",
       "      <td>90</td>\n",
       "      <td>83</td>\n",
       "      <td>71</td>\n",
       "      <td>NaN</td>\n",
       "      <td>NaN</td>\n",
       "      <td>NaN</td>\n",
       "      <td>NaN</td>\n",
       "    </tr>\n",
       "    <tr>\n",
       "      <th>2</th>\n",
       "      <td>CJ Bott</td>\n",
       "      <td>New Zealand</td>\n",
       "      <td>90</td>\n",
       "      <td>90</td>\n",
       "      <td>90</td>\n",
       "      <td>NaN</td>\n",
       "      <td>NaN</td>\n",
       "      <td>NaN</td>\n",
       "      <td>NaN</td>\n",
       "    </tr>\n",
       "    <tr>\n",
       "      <th>3</th>\n",
       "      <td>Malia Steinmetz</td>\n",
       "      <td>New Zealand</td>\n",
       "      <td>90</td>\n",
       "      <td>90</td>\n",
       "      <td>90</td>\n",
       "      <td>NaN</td>\n",
       "      <td>NaN</td>\n",
       "      <td>NaN</td>\n",
       "      <td>NaN</td>\n",
       "    </tr>\n",
       "    <tr>\n",
       "      <th>4</th>\n",
       "      <td>Ali Riley</td>\n",
       "      <td>New Zealand</td>\n",
       "      <td>90</td>\n",
       "      <td>90</td>\n",
       "      <td>90</td>\n",
       "      <td>NaN</td>\n",
       "      <td>NaN</td>\n",
       "      <td>NaN</td>\n",
       "      <td>NaN</td>\n",
       "    </tr>\n",
       "    <tr>\n",
       "      <th>...</th>\n",
       "      <td>...</td>\n",
       "      <td>...</td>\n",
       "      <td>...</td>\n",
       "      <td>...</td>\n",
       "      <td>...</td>\n",
       "      <td>...</td>\n",
       "      <td>...</td>\n",
       "      <td>...</td>\n",
       "      <td>...</td>\n",
       "    </tr>\n",
       "    <tr>\n",
       "      <th>731</th>\n",
       "      <td>Kang Chae-rim</td>\n",
       "      <td>Korea Republic</td>\n",
       "      <td>23</td>\n",
       "      <td>0</td>\n",
       "      <td>1</td>\n",
       "      <td>NaN</td>\n",
       "      <td>NaN</td>\n",
       "      <td>NaN</td>\n",
       "      <td>NaN</td>\n",
       "    </tr>\n",
       "    <tr>\n",
       "      <th>732</th>\n",
       "      <td>Rasheedat Ajibade</td>\n",
       "      <td>Nigeria</td>\n",
       "      <td>0</td>\n",
       "      <td>90</td>\n",
       "      <td>90</td>\n",
       "      <td>120.0</td>\n",
       "      <td>NaN</td>\n",
       "      <td>NaN</td>\n",
       "      <td>NaN</td>\n",
       "    </tr>\n",
       "    <tr>\n",
       "      <th>733</th>\n",
       "      <td>Halimatu Ayinde</td>\n",
       "      <td>Nigeria</td>\n",
       "      <td>0</td>\n",
       "      <td>75</td>\n",
       "      <td>90</td>\n",
       "      <td>90.0</td>\n",
       "      <td>NaN</td>\n",
       "      <td>NaN</td>\n",
       "      <td>NaN</td>\n",
       "    </tr>\n",
       "    <tr>\n",
       "      <th>734</th>\n",
       "      <td>Desire Oparanozie</td>\n",
       "      <td>Nigeria</td>\n",
       "      <td>0</td>\n",
       "      <td>0</td>\n",
       "      <td>0</td>\n",
       "      <td>7.0</td>\n",
       "      <td>NaN</td>\n",
       "      <td>NaN</td>\n",
       "      <td>NaN</td>\n",
       "    </tr>\n",
       "    <tr>\n",
       "      <th>735</th>\n",
       "      <td>Élisa De Almeida</td>\n",
       "      <td>France</td>\n",
       "      <td>0</td>\n",
       "      <td>0</td>\n",
       "      <td>90</td>\n",
       "      <td>90.0</td>\n",
       "      <td>NaN</td>\n",
       "      <td>NaN</td>\n",
       "      <td>NaN</td>\n",
       "    </tr>\n",
       "  </tbody>\n",
       "</table>\n",
       "<p>736 rows × 9 columns</p>\n",
       "</div>"
      ],
      "text/plain": [
       "                player            team  group_1  group_2  group_3  \\\n",
       "0       Victoria Esson     New Zealand       90       90       90   \n",
       "1         Ria Percival     New Zealand       90       83       71   \n",
       "2              CJ Bott     New Zealand       90       90       90   \n",
       "3      Malia Steinmetz     New Zealand       90       90       90   \n",
       "4            Ali Riley     New Zealand       90       90       90   \n",
       "..                 ...             ...      ...      ...      ...   \n",
       "731      Kang Chae-rim  Korea Republic       23        0        1   \n",
       "732  Rasheedat Ajibade         Nigeria        0       90       90   \n",
       "733    Halimatu Ayinde         Nigeria        0       75       90   \n",
       "734  Desire Oparanozie         Nigeria        0        0        0   \n",
       "735   Élisa De Almeida          France        0        0       90   \n",
       "\n",
       "     round_of_16  quarterfinals  semifinals  finals  \n",
       "0            NaN            NaN         NaN     NaN  \n",
       "1            NaN            NaN         NaN     NaN  \n",
       "2            NaN            NaN         NaN     NaN  \n",
       "3            NaN            NaN         NaN     NaN  \n",
       "4            NaN            NaN         NaN     NaN  \n",
       "..           ...            ...         ...     ...  \n",
       "731          NaN            NaN         NaN     NaN  \n",
       "732        120.0            NaN         NaN     NaN  \n",
       "733         90.0            NaN         NaN     NaN  \n",
       "734          7.0            NaN         NaN     NaN  \n",
       "735         90.0            NaN         NaN     NaN  \n",
       "\n",
       "[736 rows x 9 columns]"
      ]
     },
     "execution_count": 2,
     "metadata": {},
     "output_type": "execute_result"
    }
   ],
   "source": [
    "year = \"2023\"\n",
    "df = pd.read_csv(\"data/minutes_\" + year + \".csv\")\n",
    "df"
   ]
  },
  {
   "cell_type": "code",
   "execution_count": 11,
   "metadata": {},
   "outputs": [],
   "source": [
    "quantiles = pd.DataFrame([], columns=[\"team\", \"25th\", \"50th\", \"75th\"])\n",
    "\n",
    "for team in df[\"team\"].unique():\n",
    "    subset = df[df[\"team\"] == team]\n",
    "    subset = subset.drop(columns=[\"team\"])\n",
    "    subset = subset.set_index(\"player\")\n",
    "    subset = subset.dropna(axis=1, how=\"all\")\n",
    "    subset = subset.clip(0, 90).astype(int)\n",
    "    subset[\"total\"] = subset.sum(axis=1) / len(subset.columns)\n",
    "    quantiles.loc[len(quantiles.index)] = [\n",
    "        team,\n",
    "        subset[\"total\"].quantile(0.25),\n",
    "        subset[\"total\"].quantile(0.5),\n",
    "        subset[\"total\"].quantile(0.75),\n",
    "    ]"
   ]
  },
  {
   "cell_type": "code",
   "execution_count": 12,
   "metadata": {},
   "outputs": [
    {
     "data": {
      "text/html": [
       "<div>\n",
       "<style scoped>\n",
       "    .dataframe tbody tr th:only-of-type {\n",
       "        vertical-align: middle;\n",
       "    }\n",
       "\n",
       "    .dataframe tbody tr th {\n",
       "        vertical-align: top;\n",
       "    }\n",
       "\n",
       "    .dataframe thead th {\n",
       "        text-align: right;\n",
       "    }\n",
       "</style>\n",
       "<table border=\"1\" class=\"dataframe\">\n",
       "  <thead>\n",
       "    <tr style=\"text-align: right;\">\n",
       "      <th></th>\n",
       "      <th>team</th>\n",
       "      <th>25th</th>\n",
       "      <th>50th</th>\n",
       "      <th>75th</th>\n",
       "    </tr>\n",
       "  </thead>\n",
       "  <tbody>\n",
       "    <tr>\n",
       "      <th>30</th>\n",
       "      <td>Colombia</td>\n",
       "      <td>0.125000</td>\n",
       "      <td>37.250000</td>\n",
       "      <td>89.750000</td>\n",
       "    </tr>\n",
       "    <tr>\n",
       "      <th>2</th>\n",
       "      <td>Australia</td>\n",
       "      <td>0.125000</td>\n",
       "      <td>45.500000</td>\n",
       "      <td>89.875000</td>\n",
       "    </tr>\n",
       "    <tr>\n",
       "      <th>15</th>\n",
       "      <td>Haiti</td>\n",
       "      <td>0.333333</td>\n",
       "      <td>43.333333</td>\n",
       "      <td>84.666667</td>\n",
       "    </tr>\n",
       "    <tr>\n",
       "      <th>0</th>\n",
       "      <td>New Zealand</td>\n",
       "      <td>0.833333</td>\n",
       "      <td>35.333333</td>\n",
       "      <td>87.500000</td>\n",
       "    </tr>\n",
       "    <tr>\n",
       "      <th>9</th>\n",
       "      <td>Costa Rica</td>\n",
       "      <td>1.000000</td>\n",
       "      <td>39.000000</td>\n",
       "      <td>89.833333</td>\n",
       "    </tr>\n",
       "    <tr>\n",
       "      <th>10</th>\n",
       "      <td>United States</td>\n",
       "      <td>2.000000</td>\n",
       "      <td>34.500000</td>\n",
       "      <td>88.125000</td>\n",
       "    </tr>\n",
       "    <tr>\n",
       "      <th>27</th>\n",
       "      <td>Morocco</td>\n",
       "      <td>2.500000</td>\n",
       "      <td>34.750000</td>\n",
       "      <td>79.375000</td>\n",
       "    </tr>\n",
       "    <tr>\n",
       "      <th>14</th>\n",
       "      <td>England</td>\n",
       "      <td>2.500000</td>\n",
       "      <td>54.250000</td>\n",
       "      <td>74.125000</td>\n",
       "    </tr>\n",
       "    <tr>\n",
       "      <th>7</th>\n",
       "      <td>Switzerland</td>\n",
       "      <td>2.875000</td>\n",
       "      <td>22.500000</td>\n",
       "      <td>83.250000</td>\n",
       "    </tr>\n",
       "    <tr>\n",
       "      <th>16</th>\n",
       "      <td>Denmark</td>\n",
       "      <td>2.875000</td>\n",
       "      <td>47.250000</td>\n",
       "      <td>83.625000</td>\n",
       "    </tr>\n",
       "    <tr>\n",
       "      <th>20</th>\n",
       "      <td>Netherlands</td>\n",
       "      <td>3.625000</td>\n",
       "      <td>41.250000</td>\n",
       "      <td>84.125000</td>\n",
       "    </tr>\n",
       "    <tr>\n",
       "      <th>17</th>\n",
       "      <td>China PR</td>\n",
       "      <td>4.000000</td>\n",
       "      <td>39.333333</td>\n",
       "      <td>78.500000</td>\n",
       "    </tr>\n",
       "    <tr>\n",
       "      <th>12</th>\n",
       "      <td>Zambia</td>\n",
       "      <td>4.166667</td>\n",
       "      <td>37.666667</td>\n",
       "      <td>80.666667</td>\n",
       "    </tr>\n",
       "    <tr>\n",
       "      <th>3</th>\n",
       "      <td>Republic of Ireland</td>\n",
       "      <td>4.500000</td>\n",
       "      <td>34.000000</td>\n",
       "      <td>85.500000</td>\n",
       "    </tr>\n",
       "    <tr>\n",
       "      <th>4</th>\n",
       "      <td>Nigeria</td>\n",
       "      <td>4.625000</td>\n",
       "      <td>56.750000</td>\n",
       "      <td>87.375000</td>\n",
       "    </tr>\n",
       "    <tr>\n",
       "      <th>23</th>\n",
       "      <td>Jamaica</td>\n",
       "      <td>4.750000</td>\n",
       "      <td>37.000000</td>\n",
       "      <td>85.500000</td>\n",
       "    </tr>\n",
       "    <tr>\n",
       "      <th>6</th>\n",
       "      <td>Philippines</td>\n",
       "      <td>4.833333</td>\n",
       "      <td>34.666667</td>\n",
       "      <td>81.333333</td>\n",
       "    </tr>\n",
       "    <tr>\n",
       "      <th>1</th>\n",
       "      <td>Norway</td>\n",
       "      <td>6.500000</td>\n",
       "      <td>51.500000</td>\n",
       "      <td>77.500000</td>\n",
       "    </tr>\n",
       "    <tr>\n",
       "      <th>25</th>\n",
       "      <td>Argentina</td>\n",
       "      <td>9.166667</td>\n",
       "      <td>38.333333</td>\n",
       "      <td>75.666667</td>\n",
       "    </tr>\n",
       "    <tr>\n",
       "      <th>5</th>\n",
       "      <td>Canada</td>\n",
       "      <td>9.666667</td>\n",
       "      <td>40.666667</td>\n",
       "      <td>71.500000</td>\n",
       "    </tr>\n",
       "    <tr>\n",
       "      <th>28</th>\n",
       "      <td>Brazil</td>\n",
       "      <td>9.666667</td>\n",
       "      <td>34.000000</td>\n",
       "      <td>79.500000</td>\n",
       "    </tr>\n",
       "    <tr>\n",
       "      <th>24</th>\n",
       "      <td>Italy</td>\n",
       "      <td>9.833333</td>\n",
       "      <td>38.000000</td>\n",
       "      <td>73.500000</td>\n",
       "    </tr>\n",
       "    <tr>\n",
       "      <th>19</th>\n",
       "      <td>South Africa</td>\n",
       "      <td>12.375000</td>\n",
       "      <td>32.000000</td>\n",
       "      <td>79.250000</td>\n",
       "    </tr>\n",
       "    <tr>\n",
       "      <th>13</th>\n",
       "      <td>Japan</td>\n",
       "      <td>15.375000</td>\n",
       "      <td>44.250000</td>\n",
       "      <td>65.625000</td>\n",
       "    </tr>\n",
       "    <tr>\n",
       "      <th>26</th>\n",
       "      <td>Germany</td>\n",
       "      <td>15.666667</td>\n",
       "      <td>43.333333</td>\n",
       "      <td>74.000000</td>\n",
       "    </tr>\n",
       "    <tr>\n",
       "      <th>29</th>\n",
       "      <td>Panama</td>\n",
       "      <td>16.000000</td>\n",
       "      <td>40.333333</td>\n",
       "      <td>66.500000</td>\n",
       "    </tr>\n",
       "    <tr>\n",
       "      <th>22</th>\n",
       "      <td>France</td>\n",
       "      <td>17.500000</td>\n",
       "      <td>47.500000</td>\n",
       "      <td>66.125000</td>\n",
       "    </tr>\n",
       "    <tr>\n",
       "      <th>11</th>\n",
       "      <td>Vietnam</td>\n",
       "      <td>19.500000</td>\n",
       "      <td>51.666667</td>\n",
       "      <td>64.500000</td>\n",
       "    </tr>\n",
       "    <tr>\n",
       "      <th>31</th>\n",
       "      <td>Korea Republic</td>\n",
       "      <td>19.666667</td>\n",
       "      <td>35.000000</td>\n",
       "      <td>72.333333</td>\n",
       "    </tr>\n",
       "    <tr>\n",
       "      <th>18</th>\n",
       "      <td>Sweden</td>\n",
       "      <td>22.500000</td>\n",
       "      <td>34.500000</td>\n",
       "      <td>65.875000</td>\n",
       "    </tr>\n",
       "    <tr>\n",
       "      <th>8</th>\n",
       "      <td>Spain</td>\n",
       "      <td>22.500000</td>\n",
       "      <td>42.750000</td>\n",
       "      <td>69.375000</td>\n",
       "    </tr>\n",
       "    <tr>\n",
       "      <th>21</th>\n",
       "      <td>Portugal</td>\n",
       "      <td>29.833333</td>\n",
       "      <td>43.333333</td>\n",
       "      <td>60.000000</td>\n",
       "    </tr>\n",
       "  </tbody>\n",
       "</table>\n",
       "</div>"
      ],
      "text/plain": [
       "                   team       25th       50th       75th\n",
       "30             Colombia   0.125000  37.250000  89.750000\n",
       "2             Australia   0.125000  45.500000  89.875000\n",
       "15                Haiti   0.333333  43.333333  84.666667\n",
       "0           New Zealand   0.833333  35.333333  87.500000\n",
       "9            Costa Rica   1.000000  39.000000  89.833333\n",
       "10        United States   2.000000  34.500000  88.125000\n",
       "27              Morocco   2.500000  34.750000  79.375000\n",
       "14              England   2.500000  54.250000  74.125000\n",
       "7           Switzerland   2.875000  22.500000  83.250000\n",
       "16              Denmark   2.875000  47.250000  83.625000\n",
       "20          Netherlands   3.625000  41.250000  84.125000\n",
       "17             China PR   4.000000  39.333333  78.500000\n",
       "12               Zambia   4.166667  37.666667  80.666667\n",
       "3   Republic of Ireland   4.500000  34.000000  85.500000\n",
       "4               Nigeria   4.625000  56.750000  87.375000\n",
       "23              Jamaica   4.750000  37.000000  85.500000\n",
       "6           Philippines   4.833333  34.666667  81.333333\n",
       "1                Norway   6.500000  51.500000  77.500000\n",
       "25            Argentina   9.166667  38.333333  75.666667\n",
       "5                Canada   9.666667  40.666667  71.500000\n",
       "28               Brazil   9.666667  34.000000  79.500000\n",
       "24                Italy   9.833333  38.000000  73.500000\n",
       "19         South Africa  12.375000  32.000000  79.250000\n",
       "13                Japan  15.375000  44.250000  65.625000\n",
       "26              Germany  15.666667  43.333333  74.000000\n",
       "29               Panama  16.000000  40.333333  66.500000\n",
       "22               France  17.500000  47.500000  66.125000\n",
       "11              Vietnam  19.500000  51.666667  64.500000\n",
       "31       Korea Republic  19.666667  35.000000  72.333333\n",
       "18               Sweden  22.500000  34.500000  65.875000\n",
       "8                 Spain  22.500000  42.750000  69.375000\n",
       "21             Portugal  29.833333  43.333333  60.000000"
      ]
     },
     "execution_count": 12,
     "metadata": {},
     "output_type": "execute_result"
    }
   ],
   "source": [
    "quantiles.sort_values(\"25th\")"
   ]
  },
  {
   "cell_type": "code",
   "execution_count": 13,
   "metadata": {},
   "outputs": [
    {
     "data": {
      "text/html": [
       "<div>\n",
       "<style scoped>\n",
       "    .dataframe tbody tr th:only-of-type {\n",
       "        vertical-align: middle;\n",
       "    }\n",
       "\n",
       "    .dataframe tbody tr th {\n",
       "        vertical-align: top;\n",
       "    }\n",
       "\n",
       "    .dataframe thead th {\n",
       "        text-align: right;\n",
       "    }\n",
       "</style>\n",
       "<table border=\"1\" class=\"dataframe\">\n",
       "  <thead>\n",
       "    <tr style=\"text-align: right;\">\n",
       "      <th></th>\n",
       "      <th>team</th>\n",
       "      <th>25th</th>\n",
       "      <th>50th</th>\n",
       "      <th>75th</th>\n",
       "    </tr>\n",
       "  </thead>\n",
       "  <tbody>\n",
       "    <tr>\n",
       "      <th>7</th>\n",
       "      <td>Switzerland</td>\n",
       "      <td>2.875000</td>\n",
       "      <td>22.500000</td>\n",
       "      <td>83.250000</td>\n",
       "    </tr>\n",
       "    <tr>\n",
       "      <th>19</th>\n",
       "      <td>South Africa</td>\n",
       "      <td>12.375000</td>\n",
       "      <td>32.000000</td>\n",
       "      <td>79.250000</td>\n",
       "    </tr>\n",
       "    <tr>\n",
       "      <th>28</th>\n",
       "      <td>Brazil</td>\n",
       "      <td>9.666667</td>\n",
       "      <td>34.000000</td>\n",
       "      <td>79.500000</td>\n",
       "    </tr>\n",
       "    <tr>\n",
       "      <th>3</th>\n",
       "      <td>Republic of Ireland</td>\n",
       "      <td>4.500000</td>\n",
       "      <td>34.000000</td>\n",
       "      <td>85.500000</td>\n",
       "    </tr>\n",
       "    <tr>\n",
       "      <th>18</th>\n",
       "      <td>Sweden</td>\n",
       "      <td>22.500000</td>\n",
       "      <td>34.500000</td>\n",
       "      <td>65.875000</td>\n",
       "    </tr>\n",
       "    <tr>\n",
       "      <th>10</th>\n",
       "      <td>United States</td>\n",
       "      <td>2.000000</td>\n",
       "      <td>34.500000</td>\n",
       "      <td>88.125000</td>\n",
       "    </tr>\n",
       "    <tr>\n",
       "      <th>6</th>\n",
       "      <td>Philippines</td>\n",
       "      <td>4.833333</td>\n",
       "      <td>34.666667</td>\n",
       "      <td>81.333333</td>\n",
       "    </tr>\n",
       "    <tr>\n",
       "      <th>27</th>\n",
       "      <td>Morocco</td>\n",
       "      <td>2.500000</td>\n",
       "      <td>34.750000</td>\n",
       "      <td>79.375000</td>\n",
       "    </tr>\n",
       "    <tr>\n",
       "      <th>31</th>\n",
       "      <td>Korea Republic</td>\n",
       "      <td>19.666667</td>\n",
       "      <td>35.000000</td>\n",
       "      <td>72.333333</td>\n",
       "    </tr>\n",
       "    <tr>\n",
       "      <th>0</th>\n",
       "      <td>New Zealand</td>\n",
       "      <td>0.833333</td>\n",
       "      <td>35.333333</td>\n",
       "      <td>87.500000</td>\n",
       "    </tr>\n",
       "    <tr>\n",
       "      <th>23</th>\n",
       "      <td>Jamaica</td>\n",
       "      <td>4.750000</td>\n",
       "      <td>37.000000</td>\n",
       "      <td>85.500000</td>\n",
       "    </tr>\n",
       "    <tr>\n",
       "      <th>30</th>\n",
       "      <td>Colombia</td>\n",
       "      <td>0.125000</td>\n",
       "      <td>37.250000</td>\n",
       "      <td>89.750000</td>\n",
       "    </tr>\n",
       "    <tr>\n",
       "      <th>12</th>\n",
       "      <td>Zambia</td>\n",
       "      <td>4.166667</td>\n",
       "      <td>37.666667</td>\n",
       "      <td>80.666667</td>\n",
       "    </tr>\n",
       "    <tr>\n",
       "      <th>24</th>\n",
       "      <td>Italy</td>\n",
       "      <td>9.833333</td>\n",
       "      <td>38.000000</td>\n",
       "      <td>73.500000</td>\n",
       "    </tr>\n",
       "    <tr>\n",
       "      <th>25</th>\n",
       "      <td>Argentina</td>\n",
       "      <td>9.166667</td>\n",
       "      <td>38.333333</td>\n",
       "      <td>75.666667</td>\n",
       "    </tr>\n",
       "    <tr>\n",
       "      <th>9</th>\n",
       "      <td>Costa Rica</td>\n",
       "      <td>1.000000</td>\n",
       "      <td>39.000000</td>\n",
       "      <td>89.833333</td>\n",
       "    </tr>\n",
       "    <tr>\n",
       "      <th>17</th>\n",
       "      <td>China PR</td>\n",
       "      <td>4.000000</td>\n",
       "      <td>39.333333</td>\n",
       "      <td>78.500000</td>\n",
       "    </tr>\n",
       "    <tr>\n",
       "      <th>29</th>\n",
       "      <td>Panama</td>\n",
       "      <td>16.000000</td>\n",
       "      <td>40.333333</td>\n",
       "      <td>66.500000</td>\n",
       "    </tr>\n",
       "    <tr>\n",
       "      <th>5</th>\n",
       "      <td>Canada</td>\n",
       "      <td>9.666667</td>\n",
       "      <td>40.666667</td>\n",
       "      <td>71.500000</td>\n",
       "    </tr>\n",
       "    <tr>\n",
       "      <th>20</th>\n",
       "      <td>Netherlands</td>\n",
       "      <td>3.625000</td>\n",
       "      <td>41.250000</td>\n",
       "      <td>84.125000</td>\n",
       "    </tr>\n",
       "    <tr>\n",
       "      <th>8</th>\n",
       "      <td>Spain</td>\n",
       "      <td>22.500000</td>\n",
       "      <td>42.750000</td>\n",
       "      <td>69.375000</td>\n",
       "    </tr>\n",
       "    <tr>\n",
       "      <th>21</th>\n",
       "      <td>Portugal</td>\n",
       "      <td>29.833333</td>\n",
       "      <td>43.333333</td>\n",
       "      <td>60.000000</td>\n",
       "    </tr>\n",
       "    <tr>\n",
       "      <th>26</th>\n",
       "      <td>Germany</td>\n",
       "      <td>15.666667</td>\n",
       "      <td>43.333333</td>\n",
       "      <td>74.000000</td>\n",
       "    </tr>\n",
       "    <tr>\n",
       "      <th>15</th>\n",
       "      <td>Haiti</td>\n",
       "      <td>0.333333</td>\n",
       "      <td>43.333333</td>\n",
       "      <td>84.666667</td>\n",
       "    </tr>\n",
       "    <tr>\n",
       "      <th>13</th>\n",
       "      <td>Japan</td>\n",
       "      <td>15.375000</td>\n",
       "      <td>44.250000</td>\n",
       "      <td>65.625000</td>\n",
       "    </tr>\n",
       "    <tr>\n",
       "      <th>2</th>\n",
       "      <td>Australia</td>\n",
       "      <td>0.125000</td>\n",
       "      <td>45.500000</td>\n",
       "      <td>89.875000</td>\n",
       "    </tr>\n",
       "    <tr>\n",
       "      <th>16</th>\n",
       "      <td>Denmark</td>\n",
       "      <td>2.875000</td>\n",
       "      <td>47.250000</td>\n",
       "      <td>83.625000</td>\n",
       "    </tr>\n",
       "    <tr>\n",
       "      <th>22</th>\n",
       "      <td>France</td>\n",
       "      <td>17.500000</td>\n",
       "      <td>47.500000</td>\n",
       "      <td>66.125000</td>\n",
       "    </tr>\n",
       "    <tr>\n",
       "      <th>1</th>\n",
       "      <td>Norway</td>\n",
       "      <td>6.500000</td>\n",
       "      <td>51.500000</td>\n",
       "      <td>77.500000</td>\n",
       "    </tr>\n",
       "    <tr>\n",
       "      <th>11</th>\n",
       "      <td>Vietnam</td>\n",
       "      <td>19.500000</td>\n",
       "      <td>51.666667</td>\n",
       "      <td>64.500000</td>\n",
       "    </tr>\n",
       "    <tr>\n",
       "      <th>14</th>\n",
       "      <td>England</td>\n",
       "      <td>2.500000</td>\n",
       "      <td>54.250000</td>\n",
       "      <td>74.125000</td>\n",
       "    </tr>\n",
       "    <tr>\n",
       "      <th>4</th>\n",
       "      <td>Nigeria</td>\n",
       "      <td>4.625000</td>\n",
       "      <td>56.750000</td>\n",
       "      <td>87.375000</td>\n",
       "    </tr>\n",
       "  </tbody>\n",
       "</table>\n",
       "</div>"
      ],
      "text/plain": [
       "                   team       25th       50th       75th\n",
       "7           Switzerland   2.875000  22.500000  83.250000\n",
       "19         South Africa  12.375000  32.000000  79.250000\n",
       "28               Brazil   9.666667  34.000000  79.500000\n",
       "3   Republic of Ireland   4.500000  34.000000  85.500000\n",
       "18               Sweden  22.500000  34.500000  65.875000\n",
       "10        United States   2.000000  34.500000  88.125000\n",
       "6           Philippines   4.833333  34.666667  81.333333\n",
       "27              Morocco   2.500000  34.750000  79.375000\n",
       "31       Korea Republic  19.666667  35.000000  72.333333\n",
       "0           New Zealand   0.833333  35.333333  87.500000\n",
       "23              Jamaica   4.750000  37.000000  85.500000\n",
       "30             Colombia   0.125000  37.250000  89.750000\n",
       "12               Zambia   4.166667  37.666667  80.666667\n",
       "24                Italy   9.833333  38.000000  73.500000\n",
       "25            Argentina   9.166667  38.333333  75.666667\n",
       "9            Costa Rica   1.000000  39.000000  89.833333\n",
       "17             China PR   4.000000  39.333333  78.500000\n",
       "29               Panama  16.000000  40.333333  66.500000\n",
       "5                Canada   9.666667  40.666667  71.500000\n",
       "20          Netherlands   3.625000  41.250000  84.125000\n",
       "8                 Spain  22.500000  42.750000  69.375000\n",
       "21             Portugal  29.833333  43.333333  60.000000\n",
       "26              Germany  15.666667  43.333333  74.000000\n",
       "15                Haiti   0.333333  43.333333  84.666667\n",
       "13                Japan  15.375000  44.250000  65.625000\n",
       "2             Australia   0.125000  45.500000  89.875000\n",
       "16              Denmark   2.875000  47.250000  83.625000\n",
       "22               France  17.500000  47.500000  66.125000\n",
       "1                Norway   6.500000  51.500000  77.500000\n",
       "11              Vietnam  19.500000  51.666667  64.500000\n",
       "14              England   2.500000  54.250000  74.125000\n",
       "4               Nigeria   4.625000  56.750000  87.375000"
      ]
     },
     "execution_count": 13,
     "metadata": {},
     "output_type": "execute_result"
    }
   ],
   "source": [
    "quantiles.sort_values(\"50th\")"
   ]
  },
  {
   "cell_type": "code",
   "execution_count": 14,
   "metadata": {},
   "outputs": [
    {
     "data": {
      "text/html": [
       "<div>\n",
       "<style scoped>\n",
       "    .dataframe tbody tr th:only-of-type {\n",
       "        vertical-align: middle;\n",
       "    }\n",
       "\n",
       "    .dataframe tbody tr th {\n",
       "        vertical-align: top;\n",
       "    }\n",
       "\n",
       "    .dataframe thead th {\n",
       "        text-align: right;\n",
       "    }\n",
       "</style>\n",
       "<table border=\"1\" class=\"dataframe\">\n",
       "  <thead>\n",
       "    <tr style=\"text-align: right;\">\n",
       "      <th></th>\n",
       "      <th>team</th>\n",
       "      <th>25th</th>\n",
       "      <th>50th</th>\n",
       "      <th>75th</th>\n",
       "    </tr>\n",
       "  </thead>\n",
       "  <tbody>\n",
       "    <tr>\n",
       "      <th>21</th>\n",
       "      <td>Portugal</td>\n",
       "      <td>29.833333</td>\n",
       "      <td>43.333333</td>\n",
       "      <td>60.000000</td>\n",
       "    </tr>\n",
       "    <tr>\n",
       "      <th>11</th>\n",
       "      <td>Vietnam</td>\n",
       "      <td>19.500000</td>\n",
       "      <td>51.666667</td>\n",
       "      <td>64.500000</td>\n",
       "    </tr>\n",
       "    <tr>\n",
       "      <th>13</th>\n",
       "      <td>Japan</td>\n",
       "      <td>15.375000</td>\n",
       "      <td>44.250000</td>\n",
       "      <td>65.625000</td>\n",
       "    </tr>\n",
       "    <tr>\n",
       "      <th>18</th>\n",
       "      <td>Sweden</td>\n",
       "      <td>22.500000</td>\n",
       "      <td>34.500000</td>\n",
       "      <td>65.875000</td>\n",
       "    </tr>\n",
       "    <tr>\n",
       "      <th>22</th>\n",
       "      <td>France</td>\n",
       "      <td>17.500000</td>\n",
       "      <td>47.500000</td>\n",
       "      <td>66.125000</td>\n",
       "    </tr>\n",
       "    <tr>\n",
       "      <th>29</th>\n",
       "      <td>Panama</td>\n",
       "      <td>16.000000</td>\n",
       "      <td>40.333333</td>\n",
       "      <td>66.500000</td>\n",
       "    </tr>\n",
       "    <tr>\n",
       "      <th>8</th>\n",
       "      <td>Spain</td>\n",
       "      <td>22.500000</td>\n",
       "      <td>42.750000</td>\n",
       "      <td>69.375000</td>\n",
       "    </tr>\n",
       "    <tr>\n",
       "      <th>5</th>\n",
       "      <td>Canada</td>\n",
       "      <td>9.666667</td>\n",
       "      <td>40.666667</td>\n",
       "      <td>71.500000</td>\n",
       "    </tr>\n",
       "    <tr>\n",
       "      <th>31</th>\n",
       "      <td>Korea Republic</td>\n",
       "      <td>19.666667</td>\n",
       "      <td>35.000000</td>\n",
       "      <td>72.333333</td>\n",
       "    </tr>\n",
       "    <tr>\n",
       "      <th>24</th>\n",
       "      <td>Italy</td>\n",
       "      <td>9.833333</td>\n",
       "      <td>38.000000</td>\n",
       "      <td>73.500000</td>\n",
       "    </tr>\n",
       "    <tr>\n",
       "      <th>26</th>\n",
       "      <td>Germany</td>\n",
       "      <td>15.666667</td>\n",
       "      <td>43.333333</td>\n",
       "      <td>74.000000</td>\n",
       "    </tr>\n",
       "    <tr>\n",
       "      <th>14</th>\n",
       "      <td>England</td>\n",
       "      <td>2.500000</td>\n",
       "      <td>54.250000</td>\n",
       "      <td>74.125000</td>\n",
       "    </tr>\n",
       "    <tr>\n",
       "      <th>25</th>\n",
       "      <td>Argentina</td>\n",
       "      <td>9.166667</td>\n",
       "      <td>38.333333</td>\n",
       "      <td>75.666667</td>\n",
       "    </tr>\n",
       "    <tr>\n",
       "      <th>1</th>\n",
       "      <td>Norway</td>\n",
       "      <td>6.500000</td>\n",
       "      <td>51.500000</td>\n",
       "      <td>77.500000</td>\n",
       "    </tr>\n",
       "    <tr>\n",
       "      <th>17</th>\n",
       "      <td>China PR</td>\n",
       "      <td>4.000000</td>\n",
       "      <td>39.333333</td>\n",
       "      <td>78.500000</td>\n",
       "    </tr>\n",
       "    <tr>\n",
       "      <th>19</th>\n",
       "      <td>South Africa</td>\n",
       "      <td>12.375000</td>\n",
       "      <td>32.000000</td>\n",
       "      <td>79.250000</td>\n",
       "    </tr>\n",
       "    <tr>\n",
       "      <th>27</th>\n",
       "      <td>Morocco</td>\n",
       "      <td>2.500000</td>\n",
       "      <td>34.750000</td>\n",
       "      <td>79.375000</td>\n",
       "    </tr>\n",
       "    <tr>\n",
       "      <th>28</th>\n",
       "      <td>Brazil</td>\n",
       "      <td>9.666667</td>\n",
       "      <td>34.000000</td>\n",
       "      <td>79.500000</td>\n",
       "    </tr>\n",
       "    <tr>\n",
       "      <th>12</th>\n",
       "      <td>Zambia</td>\n",
       "      <td>4.166667</td>\n",
       "      <td>37.666667</td>\n",
       "      <td>80.666667</td>\n",
       "    </tr>\n",
       "    <tr>\n",
       "      <th>6</th>\n",
       "      <td>Philippines</td>\n",
       "      <td>4.833333</td>\n",
       "      <td>34.666667</td>\n",
       "      <td>81.333333</td>\n",
       "    </tr>\n",
       "    <tr>\n",
       "      <th>7</th>\n",
       "      <td>Switzerland</td>\n",
       "      <td>2.875000</td>\n",
       "      <td>22.500000</td>\n",
       "      <td>83.250000</td>\n",
       "    </tr>\n",
       "    <tr>\n",
       "      <th>16</th>\n",
       "      <td>Denmark</td>\n",
       "      <td>2.875000</td>\n",
       "      <td>47.250000</td>\n",
       "      <td>83.625000</td>\n",
       "    </tr>\n",
       "    <tr>\n",
       "      <th>20</th>\n",
       "      <td>Netherlands</td>\n",
       "      <td>3.625000</td>\n",
       "      <td>41.250000</td>\n",
       "      <td>84.125000</td>\n",
       "    </tr>\n",
       "    <tr>\n",
       "      <th>15</th>\n",
       "      <td>Haiti</td>\n",
       "      <td>0.333333</td>\n",
       "      <td>43.333333</td>\n",
       "      <td>84.666667</td>\n",
       "    </tr>\n",
       "    <tr>\n",
       "      <th>3</th>\n",
       "      <td>Republic of Ireland</td>\n",
       "      <td>4.500000</td>\n",
       "      <td>34.000000</td>\n",
       "      <td>85.500000</td>\n",
       "    </tr>\n",
       "    <tr>\n",
       "      <th>23</th>\n",
       "      <td>Jamaica</td>\n",
       "      <td>4.750000</td>\n",
       "      <td>37.000000</td>\n",
       "      <td>85.500000</td>\n",
       "    </tr>\n",
       "    <tr>\n",
       "      <th>4</th>\n",
       "      <td>Nigeria</td>\n",
       "      <td>4.625000</td>\n",
       "      <td>56.750000</td>\n",
       "      <td>87.375000</td>\n",
       "    </tr>\n",
       "    <tr>\n",
       "      <th>0</th>\n",
       "      <td>New Zealand</td>\n",
       "      <td>0.833333</td>\n",
       "      <td>35.333333</td>\n",
       "      <td>87.500000</td>\n",
       "    </tr>\n",
       "    <tr>\n",
       "      <th>10</th>\n",
       "      <td>United States</td>\n",
       "      <td>2.000000</td>\n",
       "      <td>34.500000</td>\n",
       "      <td>88.125000</td>\n",
       "    </tr>\n",
       "    <tr>\n",
       "      <th>30</th>\n",
       "      <td>Colombia</td>\n",
       "      <td>0.125000</td>\n",
       "      <td>37.250000</td>\n",
       "      <td>89.750000</td>\n",
       "    </tr>\n",
       "    <tr>\n",
       "      <th>9</th>\n",
       "      <td>Costa Rica</td>\n",
       "      <td>1.000000</td>\n",
       "      <td>39.000000</td>\n",
       "      <td>89.833333</td>\n",
       "    </tr>\n",
       "    <tr>\n",
       "      <th>2</th>\n",
       "      <td>Australia</td>\n",
       "      <td>0.125000</td>\n",
       "      <td>45.500000</td>\n",
       "      <td>89.875000</td>\n",
       "    </tr>\n",
       "  </tbody>\n",
       "</table>\n",
       "</div>"
      ],
      "text/plain": [
       "                   team       25th       50th       75th\n",
       "21             Portugal  29.833333  43.333333  60.000000\n",
       "11              Vietnam  19.500000  51.666667  64.500000\n",
       "13                Japan  15.375000  44.250000  65.625000\n",
       "18               Sweden  22.500000  34.500000  65.875000\n",
       "22               France  17.500000  47.500000  66.125000\n",
       "29               Panama  16.000000  40.333333  66.500000\n",
       "8                 Spain  22.500000  42.750000  69.375000\n",
       "5                Canada   9.666667  40.666667  71.500000\n",
       "31       Korea Republic  19.666667  35.000000  72.333333\n",
       "24                Italy   9.833333  38.000000  73.500000\n",
       "26              Germany  15.666667  43.333333  74.000000\n",
       "14              England   2.500000  54.250000  74.125000\n",
       "25            Argentina   9.166667  38.333333  75.666667\n",
       "1                Norway   6.500000  51.500000  77.500000\n",
       "17             China PR   4.000000  39.333333  78.500000\n",
       "19         South Africa  12.375000  32.000000  79.250000\n",
       "27              Morocco   2.500000  34.750000  79.375000\n",
       "28               Brazil   9.666667  34.000000  79.500000\n",
       "12               Zambia   4.166667  37.666667  80.666667\n",
       "6           Philippines   4.833333  34.666667  81.333333\n",
       "7           Switzerland   2.875000  22.500000  83.250000\n",
       "16              Denmark   2.875000  47.250000  83.625000\n",
       "20          Netherlands   3.625000  41.250000  84.125000\n",
       "15                Haiti   0.333333  43.333333  84.666667\n",
       "3   Republic of Ireland   4.500000  34.000000  85.500000\n",
       "23              Jamaica   4.750000  37.000000  85.500000\n",
       "4               Nigeria   4.625000  56.750000  87.375000\n",
       "0           New Zealand   0.833333  35.333333  87.500000\n",
       "10        United States   2.000000  34.500000  88.125000\n",
       "30             Colombia   0.125000  37.250000  89.750000\n",
       "9            Costa Rica   1.000000  39.000000  89.833333\n",
       "2             Australia   0.125000  45.500000  89.875000"
      ]
     },
     "execution_count": 14,
     "metadata": {},
     "output_type": "execute_result"
    }
   ],
   "source": [
    "quantiles.sort_values(\"75th\")"
   ]
  },
  {
   "cell_type": "code",
   "execution_count": null,
   "metadata": {},
   "outputs": [],
   "source": []
  }
 ],
 "metadata": {
  "kernelspec": {
   "display_name": "Python 3",
   "language": "python",
   "name": "python3"
  },
  "language_info": {
   "codemirror_mode": {
    "name": "ipython",
    "version": 3
   },
   "file_extension": ".py",
   "mimetype": "text/x-python",
   "name": "python",
